2419767825 604330257 2263550252 765077347 2121885575 2678207659 481893453 1352830341 2083590880 2438375459
1235712031 680403347 18109839 1313610453 1149432905 897552190 27395113 1195266068 1480511750 1155696050
1692928510 2718226638 1807276297 2051780374 2551535327 598348735 455972844 4197399217 3836533608 959560839
1129225729 2226123344 913020132 3480293165 707581138 352904714 3459492341 2493150632 107537220 3897795398
4153317285 811518442 2170266598 615316608 915959061 4190512639 4113081853 3086639990 2355501339 3022144602
2481767842 3956395987 1614333298 3871109538 1501220292 2588293505 1410352066 1965099650 2774019814 3852116067
3413019340 942313339 2666250329 3541935046 861815350 2049851870 303077541 800042227 722361885 1659656170
1182723766 2998248872 2224344679 2451945985 1891438610 1786397305 3047831650 1643730494 3213518307 457169168
3094398004 2355821912 3036055315 1619315694 2358770239 968218462 1855348698 238845655 2171579905 3477889113
3163120501 2248073920 834403636 833092415 1799410250 1919978767 2723960886 2370441555 4030402267 2707775341
1159176834 630244191 3190095840 2206187754 3105840609 440478050 3776153518 776890134 52159705 2397643659
667354764 2620042536 2664676092 561691515 187363449 1264156200 1019209152 667095731 3112399112 1278266205
908024887 3181307139 653991952 1145280194 3260776384 1208916105 3380790903 3939928792 3234835828 3012287954
2989830540 153035312 2051397011 1581441095 179378616 386884009 364522398 1360070556 2568688665 598744866
2620907919 611010350 3518601778 3595295651 1340142648 2962095755 693967693 4226558637 3396536173 1922591685
3490063250 1122741053 3487257516 1651878191 3078328085 2090766365 28025326 3484762062 3452096085 4216568006
2827114452 3182774238 2678864719 1764776368 2562168122 566237065 736460287 3265803197 3487653540 1476363668
2336489497 4120141501 3372276883 510113896 926511809 69902430 2909447561 1727760199 597975646 1901548982
2025593930 1561094887 2507070013 708569741 3731872608 190315680 2611813044 382984976 1071853887 723847499
1429101720 4194464658 1239330321 3334614906 3098650145 1334487433 3774070650 2215121048 1781575457 1689527152